"Mars Needs Cunnilingus";18;False;False;1;0;1;1
32;214;2;9;24;9;0
33;170;28;12;18;15;0
34;184;128;9;9;12;0
35;53;2;15;18;18;0
36;87;2;15;18;18;0
37;2;88;12;18;15;0
38;121;2;15;18;18;0
39;236;128;3;9;6;0
40;177;88;9;18;12;0
41;144;88;9;18;12;0
42;155;2;15;18;18;0
43;19;2;15;18;18;0
44;2;108;6;18;9;0
45;195;128;6;12;9;0
46;216;128;3;18;6;0
47;240;28;12;18;15;0
48;170;48;12;18;15;0
49;188;88;9;18;15;0
50;58;28;12;18;15;0
51;100;48;12;18;15;0
52;128;68;12;18;15;0
53;100;68;12;18;15;0
54;156;68;12;18;15;0
55;212;68;12;18;15;0
56;16;48;12;18;15;0
57;212;28;12;18;15;0
58;226;128;3;15;6;0
59;221;128;3;18;6;0
60;166;88;9;18;12;0
61;75;88;12;15;15;0
62;100;88;9;18;12;0
63;114;48;12;18;15;0
64;138;2;15;18;18;0
65;86;68;12;18;15;0
66;156;48;12;18;15;0
67;184;68;12;18;15;0
68;226;28;12;18;15;0
69;226;68;12;18;15;0
70;44;28;12;18;15;0
71;2;68;12;18;15;0
72;30;68;12;18;15;0
73;212;48;12;18;15;0
74;86;48;12;18;15;0
75;16;68;12;18;15;0
76;86;28;12;18;15;0
77;70;2;15;18;18;0
78;198;48;12;18;15;0
79;114;28;12;18;15;0
80;200;2;12;18;15;0
81;2;48;12;18;15;0
82;225;2;12;18;15;0
83;240;68;12;18;15;0
84;72;48;12;18;15;0
85;44;68;12;18;15;0
86;58;48;12;18;15;0
87;104;2;15;18;18;0
88;240;48;12;18;15;0
89;142;28;12;18;15;0
90;16;28;12;18;15;0
91;89;88;9;18;12;0
92;184;48;12;18;15;0
93;122;88;9;18;12;0
94;58;88;15;12;18;0
95;184;28;12;18;15;0
96;231;128;3;9;6;0
97;128;48;12;18;15;0
98;2;28;12;18;15;0
99;142;68;12;18;15;0
100;142;48;12;18;15;0
101;156;28;12;18;15;0
102;226;48;12;18;15;0
103;30;48;12;18;15;0
104;198;68;12;18;15;0
105;186;2;12;18;15;0
106;16;88;12;18;15;0
107;239;2;12;18;15;0
108;58;68;12;18;15;0
109;2;2;15;18;18;0
110;30;28;12;18;15;0
111;30;88;12;18;15;0
112;170;68;12;18;15;0
113;72;28;12;18;15;0
114;100;28;12;18;15;0
115;172;2;12;18;15;0
116;44;48;12;18;15;0
117;114;68;12;18;15;0
118;44;88;12;18;15;0
119;36;2;15;18;18;0
120;198;28;12;18;15;0
121;128;28;12;18;15;0
122;72;68;12;18;15;0
123;111;88;9;18;12;0
124;211;128;3;18;6;0
125;133;88;9;18;12;0
126;30;128;12;9;15;0
127;114;128;12;9;15;0
128;2;128;12;9;15;0
129;16;128;12;9;15;0
130;108;108;12;9;15;0
131;241;88;12;9;15;0
132;72;128;12;9;15;0
133;136;108;12;9;15;0
134;122;108;12;9;15;0
135;24;108;12;9;15;0
136;213;88;12;9;15;0
137;66;108;12;9;15;0
138;128;128;12;9;15;0
139;86;128;12;9;15;0
140;94;108;12;9;15;0
141;38;108;12;9;15;0
142;178;108;12;9;15;0
143;227;88;12;9;15;0
144;220;108;12;9;15;0
145;156;128;12;9;15;0
146;100;128;12;9;15;0
147;192;108;12;9;15;0
148;80;108;12;9;15;0
149;142;128;12;9;15;0
150;206;108;12;9;15;0
151;234;108;12;9;15;0
152;164;108;12;9;15;0
153;170;128;12;9;15;0
154;44;128;12;9;15;0
155;52;108;12;9;15;0
156;58;128;12;9;15;0
157;199;88;12;9;15;0
158;150;108;12;9;15;0
159;10;108;12;9;15;0
160;88;148;0;0;0;0
161;68;148;0;0;0;0
162;152;148;0;0;0;0
163;64;148;0;0;0;0
164;4;148;0;0;0;0
165;100;148;0;0;0;0
166;42;148;0;0;0;0
167;164;148;0;0;0;0
168;128;148;0;0;0;0
169;245;128;0;0;0;0
170;22;148;0;0;0;0
171;112;148;0;0;0;0
172;114;148;0;0;0;0
173;203;128;6;12;9;0
174;36;148;0;0;0;0
175;136;148;0;0;0;0
176;98;148;0;0;0;0
177;140;148;0;0;0;0
178;24;148;0;0;0;0
179;38;148;0;0;0;0
180;166;148;0;0;0;0
181;118;148;0;0;0;0
182;150;148;0;0;0;0
183;156;148;0;0;0;0
184;132;148;0;0;0;0
185;74;148;0;0;0;0
186;106;148;0;0;0;0
187;124;148;0;0;0;0
188;8;148;0;0;0;0
189;84;148;0;0;0;0
190;126;148;0;0;0;0
191;2;148;0;0;0;0
192;62;148;0;0;0;0
193;46;148;0;0;0;0
194;130;148;0;0;0;0
195;18;148;0;0;0;0
196;120;148;0;0;0;0
197;56;148;0;0;0;0
198;58;148;0;0;0;0
199;14;148;0;0;0;0
200;86;148;0;0;0;0
201;158;148;0;0;0;0
202;102;148;0;0;0;0
203;144;148;0;0;0;0
204;26;148;0;0;0;0
205;82;148;0;0;0;0
206;251;128;0;0;0;0
207;66;148;0;0;0;0
208;148;148;0;0;0;0
209;174;148;0;0;0;0
210;154;148;0;0;0;0
211;243;128;0;0;0;0
212;110;148;0;0;0;0
213;6;148;0;0;0;0
214;247;128;0;0;0;0
215;34;148;0;0;0;0
216;241;128;0;0;0;0
217;50;148;0;0;0;0
218;116;148;0;0;0;0
219;60;148;0;0;0;0
220;142;148;0;0;0;0
221;80;148;0;0;0;0
222;76;148;0;0;0;0
223;146;148;0;0;0;0
224;70;148;0;0;0;0
225;10;148;0;0;0;0
226;72;148;0;0;0;0
227;108;148;0;0;0;0
228;30;148;0;0;0;0
229;90;148;0;0;0;0
230;40;148;0;0;0;0
231;104;148;0;0;0;0
232;20;148;0;0;0;0
233;134;148;0;0;0;0
234;168;148;0;0;0;0
235;44;148;0;0;0;0
236;78;148;0;0;0;0
237;249;128;0;0;0;0
238;253;128;0;0;0;0
239;16;148;0;0;0;0
240;160;148;0;0;0;0
241;94;148;0;0;0;0
242;32;148;0;0;0;0
243;28;148;0;0;0;0
244;54;148;0;0;0;0
245;138;148;0;0;0;0
246;48;148;0;0;0;0
247;155;88;9;18;12;0
248;96;148;0;0;0;0
249;170;148;0;0;0;0
250;162;148;0;0;0;0
251;172;148;0;0;0;0
252;52;148;0;0;0;0
253;12;148;0;0;0;0
254;122;148;0;0;0;0
255;92;148;0;0;0;0
