"Determination Sans";10;False;False;1;0;1;1
32;220;98;3;16;3;0
33;202;98;4;13;5;0
34;233;98;5;8;6;0
35;47;20;7;13;8;0
36;107;20;6;15;7;0
37;221;2;7;13;8;0
38;194;2;7;13;8;0
39;54;116;2;8;3;0
40;214;98;4;13;5;0
41;208;98;4;13;5;0
42;165;20;8;11;9;0
43;134;98;6;11;7;0
44;16;116;2;15;3;0
45;246;98;4;9;5;0
46;36;116;2;13;3;0
47;175;20;6;14;7;0
48;42;68;6;13;7;0
49;58;53;6;13;7;0
50;2;38;6;13;7;0
51;90;38;6;13;7;0
52;26;38;6;13;7;0
53;213;20;6;13;7;0
54;50;53;6;13;7;0
55;154;53;6;13;7;0
56;194;38;6;13;7;0
57;210;38;6;13;7;0
58;32;116;2;13;3;0
59;20;116;2;15;3;0
60;142;98;5;13;6;0
61;176;98;6;10;7;0
62;156;98;5;13;6;0
63;106;68;6;13;7;0
64;2;68;6;13;7;0
65;234;68;6;13;7;0
66;58;68;6;13;7;0
67;34;53;6;13;7;0
68;18;53;6;13;7;0
69;10;38;6;13;7;0
70;226;68;6;13;7;0
71;98;68;6;13;7;0
72;170;53;6;13;7;0
73;130;68;6;13;7;0
74;74;38;6;13;7;0
75;178;53;6;13;7;0
76;218;68;6;13;7;0
77;29;20;7;13;8;0
78;18;38;6;13;7;0
79;10;83;6;13;7;0
80;26;83;6;13;7;0
81;99;20;6;15;7;0
82;50;38;6;13;7;0
83;34;38;6;13;7;0
84;82;38;6;13;7;0
85;210;53;6;13;7;0
86;82;68;6;13;7;0
87;212;2;7;13;8;0
88;114;68;6;13;7;0
89;26;53;6;13;7;0
90;197;20;6;13;7;0
91;190;98;4;13;5;0
92;184;98;4;13;5;0
93;196;98;4;13;5;0
94;225;98;6;8;7;0
95;83;20;6;15;7;0
96;49;116;3;6;4;0
97;34;68;6;13;7;0
98;178;38;6;13;7;0
99;82;53;6;13;7;0
100;242;53;6;13;7;0
101;242;38;6;13;7;0
102;162;68;6;13;7;0
103;70;2;6;16;7;0
104;205;20;6;13;7;0
105;2;83;6;13;7;0
106;126;2;6;16;7;0
107;162;38;6;13;7;0
108;202;53;6;13;7;0
109;74;20;7;13;8;0
110;237;20;6;13;7;0
111;221;20;6;13;7;0
112;94;2;6;16;7;0
113;150;2;6;16;7;0
114;226;38;6;13;7;0
115;122;38;6;13;7;0
116;66;38;6;13;7;0
117;26;68;6;13;7;0
118;42;53;6;13;7;0
119;239;2;7;13;8;0
120;170;38;6;13;7;0
121;118;2;6;16;7;0
122;226;53;6;13;7;0
123;163;98;5;13;6;0
124;24;116;2;13;3;0
125;149;98;5;13;6;0
126;221;83;7;10;8;0
127;176;83;7;10;8;0
128;92;98;7;10;8;0
129;140;83;7;10;8;0
130;74;98;7;10;8;0
131;59;83;7;10;8;0
132;149;83;7;10;8;0
133;50;83;7;10;8;0
134;104;83;7;10;8;0
135;95;83;7;10;8;0
136;11;98;7;10;8;0
137;47;98;7;10;8;0
138;194;83;7;10;8;0
139;167;83;7;10;8;0
140;38;98;7;10;8;0
141;86;83;7;10;8;0
142;20;98;7;10;8;0
143;68;83;7;10;8;0
144;2;98;7;10;8;0
145;56;98;7;10;8;0
146;158;83;7;10;8;0
147;185;83;7;10;8;0
148;29;98;7;10;8;0
149;203;83;7;10;8;0
150;131;83;7;10;8;0
151;230;83;7;10;8;0
152;212;83;7;10;8;0
153;122;83;7;10;8;0
154;101;98;7;10;8;0
155;113;83;7;10;8;0
156;239;83;7;10;8;0
157;83;98;7;10;8;0
158;65;98;7;10;8;0
159;77;83;7;10;8;0
160;58;116;0;0;0;0
161;170;98;4;16;5;0
162;42;38;6;13;7;0
163;176;2;7;13;8;0
164;185;2;7;13;8;0
165;229;20;6;13;7;0
166;28;116;2;13;3;0
167;62;2;6;16;7;0
168;2;116;6;6;7;0
169;2;2;8;13;9;0
170;118;98;6;11;7;0
171;155;20;8;11;9;0
172;126;98;6;11;7;0
173;240;98;4;9;5;0
174;42;2;8;13;9;0
175;52;2;8;13;9;0
176;10;116;4;8;5;0
177;98;38;6;13;7;0
178;74;53;6;13;7;0
179;218;53;6;13;7;0
180;44;116;3;6;4;0
181;142;2;6;16;7;0
182;56;20;7;13;8;0
183;40;116;2;10;3;0
184;190;20;5;16;6;0
185;183;20;5;16;6;0
186;110;98;6;11;7;0
187;145;20;8;11;9;0
188;135;20;8;11;9;0
189;125;20;8;11;9;0
190;115;20;8;11;9;0
191;134;2;6;16;7;0
192;18;83;6;13;7;0
193;50;68;6;13;7;0
194;106;38;6;13;7;0
195;2;20;7;13;7;0
196;202;38;6;13;7;0
197;186;53;6;13;7;0
198;20;20;7;13;8;0
199;110;2;6;16;7;0
200;234;38;6;13;7;0
201;90;68;6;13;7;0
202;245;20;6;13;7;0
203;114;38;6;13;7;0
204;146;53;6;13;7;0
205;154;68;6;13;7;0
206;122;53;6;13;7;0
207;194;53;6;13;7;0
208;158;2;7;13;8;0
209;167;2;7;13;7;0
210;58;38;6;13;7;0
211;66;53;6;13;7;0
212;186;38;6;13;7;0
213;203;2;7;13;7;0
214;162;53;6;13;7;0
215;34;83;6;12;7;0
216;12;2;8;13;9;0
217;74;68;6;13;7;0
218;138;68;6;13;7;0
219;210;68;6;13;7;0
220;186;68;6;13;7;0
221;218;38;6;13;7;0
222;122;68;6;13;7;0
223;154;38;6;13;7;0
224;10;53;6;13;7;0
225;138;53;6;13;7;0
226;146;68;6;13;7;0
227;38;20;7;13;7;0
228;114;53;6;13;7;0
229;2;53;6;13;7;0
230;22;2;8;13;9;0
231;78;2;6;16;7;0
232;130;53;6;13;7;0
233;202;68;6;13;7;0
234;130;38;6;13;7;0
235;194;68;6;13;7;0
236;170;68;6;13;7;0
237;90;53;6;13;7;0
238;98;53;6;13;7;0
239;106;53;6;13;7;0
240;65;20;7;13;8;0
241;230;2;7;13;7;0
242;234;53;6;13;7;0
243;242;68;6;13;7;0
244;10;68;6;13;7;0
245;11;20;7;13;7;0
246;18;68;6;13;7;0
247;42;83;6;12;7;0
248;32;2;8;13;9;0
249;138;38;6;13;7;0
250;178;68;6;13;7;0
251;146;38;6;13;7;0
252;66;68;6;13;7;0
253;86;2;6;16;7;0
254;91;20;6;15;7;0
255;102;2;6;16;7;0
