"Mars Needs Cunnilingus";6;False;False;1;0;1;1
32;90;2;3;8;3;0
33;56;12;4;6;5;0
34;116;44;3;3;4;0
35;23;2;5;6;6;0
36;37;2;5;6;6;0
37;68;28;4;6;5;0
38;51;2;5;6;6;0
39;21;50;1;3;2;0
40;22;36;3;6;4;0
41;7;36;3;6;4;0
42;65;2;5;6;6;0
43;9;2;5;6;6;0
44;56;36;2;6;3;0
45;121;44;2;4;3;0
46;9;50;1;6;2;0
47;86;12;4;6;5;0
48;44;20;4;6;5;0
49;27;36;3;6;5;0
50;8;12;4;6;5;0
51;14;20;4;6;5;0
52;14;28;4;6;5;0
53;2;28;4;6;5;0
54;26;28;4;6;5;0
55;50;28;4;6;5;0
56;98;12;4;6;5;0
57;74;12;4;6;5;0
58;15;50;1;5;2;0
59;12;50;1;6;2;0
60;17;36;3;6;4;0
61;99;28;4;5;5;0
62;110;28;3;6;4;0
63;20;20;4;6;5;0
64;58;2;5;6;6;0
65;116;20;4;6;5;0
66;38;20;4;6;5;0
67;38;28;4;6;5;0
68;80;12;4;6;5;0
69;56;28;4;6;5;0
70;2;12;4;6;5;0
71;80;20;4;6;5;0
72;92;20;4;6;5;0
73;62;20;4;6;5;0
74;8;20;4;6;5;0
75;86;20;4;6;5;0
76;20;12;4;6;5;0
77;30;2;5;6;6;0
78;56;20;4;6;5;0
79;32;12;4;6;5;0
80;84;2;4;6;5;0
81;92;12;4;6;5;0
82;95;2;4;6;5;0
83;62;28;4;6;5;0
84;2;20;4;6;5;0
85;98;20;4;6;5;0
86;116;12;4;6;5;0
87;44;2;5;6;6;0
88;74;20;4;6;5;0
89;44;12;4;6;5;0
90;113;2;4;6;5;0
91;105;28;3;6;4;0
92;50;20;4;6;5;0
93;120;28;3;6;4;0
94;92;28;5;4;6;0
95;62;12;4;6;5;0
96;18;50;1;3;2;0
97;26;20;4;6;5;0
98;107;2;4;6;5;0
99;20;28;4;6;5;0
100;32;20;4;6;5;0
101;50;12;4;6;5;0
102;68;20;4;6;5;0
103;104;12;4;6;5;0
104;44;28;4;6;5;0
105;78;2;4;6;5;0
106;74;28;4;6;5;0
107;101;2;4;6;5;0
108;104;20;4;6;5;0
109;2;2;5;6;6;0
110;119;2;4;6;5;0
111;80;28;4;6;5;0
112;32;28;4;6;5;0
113;14;12;4;6;5;0
114;26;12;4;6;5;0
115;72;2;4;6;5;0
116;110;12;4;6;5;0
117;8;28;4;6;5;0
118;86;28;4;6;5;0
119;16;2;5;6;6;0
120;68;12;4;6;5;0
121;38;12;4;6;5;0
122;110;20;4;6;5;0
123;115;28;3;6;4;0
124;6;50;1;6;2;0
125;2;36;3;6;4;0
126;50;44;4;3;5;0
127;86;44;4;3;5;0
128;38;44;4;3;5;0
129;44;44;4;3;5;0
130;102;36;4;3;5;0
131;50;36;4;3;5;0
132;68;44;4;3;5;0
133;114;36;4;3;5;0
134;108;36;4;3;5;0
135;66;36;4;3;5;0
136;38;36;4;3;5;0
137;84;36;4;3;5;0
138;92;44;4;3;5;0
139;74;44;4;3;5;0
140;96;36;4;3;5;0
141;72;36;4;3;5;0
142;8;44;4;3;5;0
143;44;36;4;3;5;0
144;26;44;4;3;5;0
145;104;44;4;3;5;0
146;80;44;4;3;5;0
147;14;44;4;3;5;0
148;90;36;4;3;5;0
149;98;44;4;3;5;0
150;20;44;4;3;5;0
151;32;44;4;3;5;0
152;2;44;4;3;5;0
153;110;44;4;3;5;0
154;56;44;4;3;5;0
155;78;36;4;3;5;0
156;62;44;4;3;5;0
157;32;36;4;3;5;0
158;120;36;4;3;5;0
159;60;36;4;3;5;0
160;124;50;0;0;0;0
161;104;50;0;0;0;0
162;64;58;0;0;0;0
163;100;50;0;0;0;0
164;40;50;0;0;0;0
165;12;58;0;0;0;0
166;78;50;0;0;0;0
167;76;58;0;0;0;0
168;40;58;0;0;0;0
169;28;50;0;0;0;0
170;58;50;0;0;0;0
171;24;58;0;0;0;0
172;26;58;0;0;0;0
173;2;50;2;4;3;0
174;72;50;0;0;0;0
175;48;58;0;0;0;0
176;10;58;0;0;0;0
177;52;58;0;0;0;0
178;60;50;0;0;0;0
179;74;50;0;0;0;0
180;78;58;0;0;0;0
181;30;58;0;0;0;0
182;62;58;0;0;0;0
183;68;58;0;0;0;0
184;44;58;0;0;0;0
185;110;50;0;0;0;0
186;18;58;0;0;0;0
187;36;58;0;0;0;0
188;44;50;0;0;0;0
189;120;50;0;0;0;0
190;38;58;0;0;0;0
191;38;50;0;0;0;0
192;98;50;0;0;0;0
193;82;50;0;0;0;0
194;42;58;0;0;0;0
195;54;50;0;0;0;0
196;32;58;0;0;0;0
197;92;50;0;0;0;0
198;94;50;0;0;0;0
199;50;50;0;0;0;0
200;122;50;0;0;0;0
201;70;58;0;0;0;0
202;14;58;0;0;0;0
203;56;58;0;0;0;0
204;62;50;0;0;0;0
205;118;50;0;0;0;0
206;34;50;0;0;0;0
207;102;50;0;0;0;0
208;60;58;0;0;0;0
209;86;58;0;0;0;0
210;66;58;0;0;0;0
211;26;50;0;0;0;0
212;22;58;0;0;0;0
213;42;50;0;0;0;0
214;30;50;0;0;0;0
215;70;50;0;0;0;0
216;24;50;0;0;0;0
217;86;50;0;0;0;0
218;28;58;0;0;0;0
219;96;50;0;0;0;0
220;54;58;0;0;0;0
221;116;50;0;0;0;0
222;112;50;0;0;0;0
223;58;58;0;0;0;0
224;106;50;0;0;0;0
225;46;50;0;0;0;0
226;108;50;0;0;0;0
227;20;58;0;0;0;0
228;66;50;0;0;0;0
229;2;58;0;0;0;0
230;76;50;0;0;0;0
231;16;58;0;0;0;0
232;56;50;0;0;0;0
233;46;58;0;0;0;0
234;80;58;0;0;0;0
235;80;50;0;0;0;0
236;114;50;0;0;0;0
237;32;50;0;0;0;0
238;36;50;0;0;0;0
239;52;50;0;0;0;0
240;72;58;0;0;0;0
241;6;58;0;0;0;0
242;68;50;0;0;0;0
243;64;50;0;0;0;0
244;90;50;0;0;0;0
245;50;58;0;0;0;0
246;84;50;0;0;0;0
247;12;36;3;6;4;0
248;8;58;0;0;0;0
249;82;58;0;0;0;0
250;74;58;0;0;0;0
251;84;58;0;0;0;0
252;88;50;0;0;0;0
253;48;50;0;0;0;0
254;34;58;0;0;0;0
255;4;58;0;0;0;0
